8.7169,2.47 8.7335,2.39 8.7502,2.53 8.7669,2.63 8.7835,2.6 8.8002,2.74
8.8169,2.69
8.8335,2.77
8.8502,2.65
8.8669,2.87
8.8835,2.95
8.9002,3.06
8.9169,3.02
8.9335,2.97
8.9502,2.93
8.9669,3.09
8.9835,3.09
9.0002,3.15
9.0169,3.24
9.0335,3.09
9.0502,3.17
9.0669,3.15
9.0835,3.13
9.1002,3.17
9.1169,3.27
9.1335,3.19
9.1502,3.15
9.1669,3.3
9.1835,3.33
9.2002,3.26
9.2169,3.22
9.2335,3.39
9.2502,3.38
9.2669,3.37
9.2835,3.29
9.3002,3.29
9.3169,3.35
9.3335,3.28
9.3502,3.4
9.3669,3.31
9.3835,3.39
9.4002,3.31
9.4169,3.31
9.4335,3.43
9.4502,3.27
9.4669,3.41
9.4835,3.4
9.5002,3.38
9.5169,3.33
9.5335,3.5
9.5502,3.39
9.5669,3.33
9.5835,3.36
9.6002,3.31
9.6169,3.37
9.6335,3.37
9.6502,3.44
9.6669,3.38
9.6835,3.48
9.7002,3.47
9.7169,3.38
9.7335,3.28
9.7502,3.37
9.7669,3.24
9.7835,3.22
9.8002,3.39
9.8169,3.44
9.8335,3.42
9.8502,3.37
9.8669,3.36
9.8835,3.4
9.9002,3.31
9.9169,3.3
9.9335,3.49
9.9502,3.4
9.9669,3.28
9.9835,3.26
10.0002,3.39
10.0169,3.38
10.0335,3.43
10.0502,3.28
10.0669,3.46
10.0835,3.43
10.1002,3.3
10.1169,3.42
10.1335,3.21
10.1502,3.29
10.1669,3.26
10.1835,3.51
10.2002,3.24
10.2169,3.29
10.2335,3.39
10.2502,3.31
10.2669,2.27
10.2835,-0.39
10.3002,-0.13
10.3169,1.76
10.3335,5.49
10.3502,2.53
10.3669,3.57
10.3835,2.72
10.4002,2.93
10.4169,3.16
10.4335,3.43
10.4502,3.67
10.4669,3.9
10.4835,4.05
10.5002,4.11
10.5169,4.18
10.5335,4.38
10.5502,4.43
10.5669,4.58
10.5835,4.62
10.6002,4.7
10.6169,4.79
10.6335,4.8
10.6502,4.82
10.6669,4.87
10.6835,4.96
10.7002,5
10.7169,5.03
10.7335,5.09
10.7502,5.18
10.7669,5.12
10.7835,5.11
10.8002,5.17
10.8169,5.18
10.8335,5.26
10.8502,5.29
10.8669,5.28
10.8835,5.33
10.9002,5.27
10.9169,5.29
10.9335,5.35
10.9502,5.29
10.9669,5.17
10.9835,5.34
11.0002,5.31
11.0169,5.4
11.0335,5.56
11.0502,5.58
11.0669,5.39
11.0835,5.42
11.1002,5.35
11.1169,5.41
11.1335,5.46
11.1502,5.47
11.1669,5.55
11.1835,5.51
11.2002,5.42
11.2169,5.43
11.2335,5.47
11.2502,5.49
11.2669,5.58
11.2835,5.58
11.3002,5.63
11.3169,5.45
11.3335,5.57
11.3502,5.58
11.3669,5.52
11.3835,5.44
11.4002,5.55
11.4169,5.51
11.4335,5.56
11.4502,5.53
11.4669,5.53
11.4835,5.33
11.5002,5.63
11.5169,5.6
11.5335,5.47
11.5502,5.47
11.5669,5.5
11.5835,5.46
11.6002,5.46
11.6169,5.54
11.6335,5.44
11.6502,5.46
11.6669,5.4
11.6835,5.54
11.7002,5.51
11.7169,5.33
11.7335,5.41
11.7502,5.36
11.7669,5.45
11.7835,5.43
11.8002,5.39
11.8169,5.48
11.8335,5.52
11.8502,5.53
11.8669,5.37
11.8835,5.46
11.9002,5.44
11.9169,5.48
11.9335,5.37
11.9502,5.38
11.9669,5.46
11.9835,5.41
12.0002,5.48
12.0169,5.28
12.0335,5.4
12.0502,5.33
12.0669,5.48
12.0835,5.37
12.1002,5.35
12.1169,5.33
12.1335,5.37
12.1502,5.31
12.1669,5.34
12.1835,5.27
12.2002,5.35
12.2169,5.29
12.2335,5.26
12.2502,5.37
12.2669,5.26
12.2835,5.29
12.3002,5.33
12.3169,5.17
12.3335,5.18
12.3502,5.21
12.3669,5.19
12.3835,5.29
12.4002,5.36
12.4169,5.26
12.4335,5.27
12.4502,5.19
12.4669,5.33
12.4835,5.14
12.5002,5.16
12.5169,5.24
12.5335,5.34
12.5502,5.2
12.5669,5.27
12.5835,5.18
12.6002,5.24
12.6169,5.2
12.6335,5.29
12.6502,5.13
12.6669,5.22
12.6835,5.18
12.7002,5.11
12.7169,5.22
12.7335,5.26
12.7502,5.21
12.7669,5.03
12.7835,5.19
12.8002,5.21
12.8169,5.07
12.8335,5.15
12.8502,5.14
12.8669,5.05
12.8835,5.1
12.9002,5.16
12.9169,5.3
12.9335,5.12
12.9502,5
12.9669,5.23
12.9835,5.15
13.0002,5.01
13.0169,5.16
13.0335,5.16
13.0502,5.13
13.0669,4.97
13.0835,5.19
13.1002,5.01
13.1169,5.13
13.1335,4.55
13.1502,5.23
13.1669,5.04
13.1835,5.31
13.2002,4.56
13.2169,5.16
13.2335,4.96
13.2502,5.08
13.2669,4.77
13.2835,4.78
13.3002,4.83
13.3169,4.9
13.3335,4.95
13.3502,4.88
13.3669,4.96
13.3835,4.97
13.4002,4.9
13.4169,5.01
13.4335,4.92
13.4502,4.97
13.4669,5.05
13.4835,4.88
13.5002,5.04
13.5169,4.9
13.5335,5.1
13.5502,5
13.5669,5.07
13.5835,4.91
13.6002,5.07
13.6169,5.13
13.6335,5.05
13.6502,4.83
13.6669,4.99
13.6835,4.9
13.7002,5.05
13.7169,5.05
13.7335,4.96
13.7502,4.94
13.7669,4.94
13.7835,4.92
13.8002,4.9
13.8169,4.98
13.8335,4.94
13.8502,4.83
13.8669,4.95
13.8835,4.97
13.9002,4.93
13.9169,4.87
13.9335,4.9
13.9502,4.88
13.9669,4.86
13.9835,4.75
14.0002,4.92
14.0169,4.9
14.0335,4.99
14.0502,5.01
14.0669,4.88
14.0835,4.94
14.1002,4.9
14.1169,4.89
14.1335,4.83
14.1502,4.79
14.1669,4.87
14.1835,4.88
14.2002,4.88
14.2169,4.82
14.2335,4.79
14.2502,4.94
14.2669,4.9
14.2835,4.88
14.3002,4.77
14.3169,4.83
14.3335,4.77
14.3502,4.8
14.3669,4.79
14.3835,4.72
14.4002,4.91
14.4169,4.76
14.4335,4.87
14.4502,4.89
14.4669,4.85
14.4835,4.83
14.5002,4.9
14.5169,4.81
14.5335,4.77
14.5502,4.82
14.5669,4.84
14.5835,4.79
14.6002,4.69
14.6169,4.85
14.6335,4.81
14.6502,4.83
14.6669,4.89
14.6835,4.75
14.7002,4.75
14.7169,4.85
14.7335,4.84
14.7502,4.79
14.7669,4.78
14.7835,4.94
14.8002,4.71
14.8169,4.71
14.8335,4.74
14.8502,4.81
14.8669,4.67
14.8835,4.72
14.9002,4.72
14.9169,4.78
14.9335,4.78
14.9502,4.85
14.9669,4.74
14.9835,4.77
15.0002,4.84
15.0169,4.83
15.0335,4.73
15.0502,4.85
15.0669,4.76
15.0835,4.7
15.1002,4.75
15.1169,4.74
15.1335,4.63
15.1502,4.69
15.1669,4.82
15.1835,4.74
15.2002,4.78
15.2169,4.71
15.2335,4.77
15.2502,4.73
15.2669,4.68
15.2835,4.73
15.3002,4.78
15.3169,4.79
15.3335,4.7
15.3502,4.7
15.3669,4.72
15.3835,4.66
15.4002,4.62
15.4169,4.66
15.4335,4.77
15.4502,4.67
15.4669,4.66
15.4835,4.79
15.5002,4.69
15.5169,4.78
15.5335,4.81
15.5502,4.76
15.5669,4.81
15.5835,4.65
15.6002,4.64
15.6169,4.66
15.6335,4.74
15.6502,4.73
15.6669,4.8
15.6835,4.68
15.7002,4.76
15.7169,4.81
15.7335,4.64
15.7502,4.66
15.7669,4.67
15.7835,4.72
15.8002,4.75
15.8169,4.79
15.8335,4.64
15.8502,4.74
15.8669,4.77
15.8835,4.61
15.9002,4.71
15.9169,4.64
15.9335,4.74
15.9502,4.71
15.9669,4.68
15.9835,4.71
16.0002,4.68
16.0169,4.68
16.0335,4.67
16.0502,4.7
16.0669,4.67
16.0835,4.69
16.1002,4.58
16.1169,4.65
16.1335,4.66
16.1502,4.72
16.1669,4.64
16.1835,4.65
16.2002,4.57
16.2169,4.7
16.2335,4.6
16.2502,4.75
16.2669,4.67
16.2835,4.74
16.3002,4.74
16.3169,4.6
16.3335,4.64
16.3502,4.72
16.3669,4.58
16.3835,4.67
16.4002,4.73
16.4169,4.73
16.4335,4.68
16.4502,4.69
16.4669,4.67
16.4835,4.57
16.5002,4.71
16.5169,4.7
16.5335,4.76
16.5502,4.67
16.5669,4.49
16.5835,4.69
16.6002,4.76
16.6169,4.65
16.6335,4.65
16.6502,4.58
16.6669,4.63
16.6835,4.67
16.7002,4.67
16.7169,4.5
16.7335,4.63
16.7502,4.58
16.7669,4.62
16.7835,4.59
16.8002,4.63
16.8169,4.56
16.8335,4.67
16.8502,4.51
16.8669,4.57
16.8835,4.62
16.9002,4.63
16.9169,4.53
16.9335,4.72
16.9502,4.62
16.9669,4.51
16.9835,4.49
17.0002,4.58
17.0169,4.57
17.0335,4.67
17.0502,4.52
17.0669,4.68
17.0835,4.69
17.1002,4.62
17.1169,4.65
17.1335,4.53
17.1502,4.59
17.1669,4.41
17.1835,4.66
17.2002,4.42
17.2169,4.52
17.2335,4.53
17.2502,4.47
17.2669,4.46
17.2835,4.66
17.3002,4.53
17.3169,4.62
17.3335,4.54
17.3502,4.64
17.3669,4.54
17.3835,4.6
17.4002,4.49
17.4169,4.47
17.4335,4.45 17.4502,4.55 17.4669,4.53 17.4835,4.6  17.5002,4.6  17.5169,4.38
17.5335,4.47 17.5502,4.55 17.5669,4.6  17.5835,4.52 17.6002,4.59 17.6169,4.53
17.6335,4.31 17.6502,4.42 17.6669,4.59 17.6835,4.58 17.7002,4.53 17.7169,4.49
17.7335,4.61 17.7502,4.42 17.7669,4.51 17.7835,4.48 17.8002,4.54 17.8169,4.61
17.8335,4.54 17.8502,4.48 17.8669,4.47 17.8835,4.49 17.9002,4.59 17.9169,4.5
17.9335,4.56 17.9502,4.46 17.9669,4.41 17.9835,4.56 18.0002,4.44 18.0169,4.54
18.0335,4.51 18.0502,4.23 18.0669,4.37 18.0835,4.52 18.1002,4.36 18.1169,4.44
18.1335,4.47 18.1502,4.44 18.1669,4.4  18.1835,4.6  18.2002,4.45 18.2169,4.51
18.2335,4.36 18.2502,4.57 18.2669,4.48 18.2835,4.38 18.3002,4.36 18.3169,4.43
18.3335,4.41 18.3502,4.47 18.3669,4.44 18.3835,4.47 18.4002,4.41 18.4169,4.32
18.4335,4.42 18.4502,4.5  18.4669,4.39 18.4835,4.41 18.5002,4.5  18.5169,4.47
18.5335,4.49 18.5502,4.28 18.5669,4.33 18.5835,4.47 18.6002,4.45 18.6169,4.38
18.6335,4.41 18.6502,4.37 18.6669,4.35 18.6835,4.32 18.7002,4.34 18.7169,4.45
18.7335,4.39 18.7502,4.51 18.7669,4.43 18.7835,4.33 18.8002,4.57 18.8169,4.5
18.8335,4.48 18.8502,4.31 18.8669,4.37 18.8835,4.14 18.9002,4.45 18.9169,4.39
18.9335,4.38 18.9502,4.43 18.9669,4.5  18.9835,4.45 19.0002,4.46 19.0169,4.36
19.0335,4.37 19.0502,4.33 19.0669,4.4  19.0835,4.45 19.1002,4.45 19.1169,4.46
19.1335,4.46 19.1502,4.33 19.1669,4.31 19.1835,4.5  19.2002,4.37 19.2169,4.34
19.2335,4.19 19.2502,4.36 19.2669,4.28 19.2835,4.35 19.3002,4.38 19.3169,4.36
19.3335,4.4  19.3502,4.35 19.3669,4.37 19.3835,4.21 19.4002,4.2  19.4169,4.4
19.4335,4.31 19.4502,4.29 19.4669,4.35
19.4835,4.24 19.5002,4.31 19.5169,4.23 19.5335,4.28 19.5502,4.33 19.5669,4.2
19.5835,4.39 19.6002,4.34 19.6169,4.2  19.6335,4.37 19.6502,4.29 19.6669,4.29
19.6835,4.26 19.7002,4.44 19.7169,4.31 19.7335,4.21 19.7502,4.23 19.7669,4.38
19.7835,4.28 19.8002,4.33 19.8169,4.37 19.8335,4.25 19.8502,4.32 19.8669,4.33
19.8835,4.32 19.9002,4.35 19.9169,4.35 19.9335,4.22 19.9502,4.31 19.9669,4.33
19.9835,4.29 20.0002,4.32 20.0169,4.31 20.0335,4.29 20.0502,4.39 20.0669,4.43
20.0835,4.3  20.1002,4.28 20.1169,4.35 20.1335,4.36 20.1502,4.26 20.1669,4.37
20.1835,4.44 20.2002,4.34 20.2169,4.38 20.2335,4.36 20.2502,4.4  20.2669,4.33
20.2835,4.44 20.3002,4.31 20.3169,4.47 20.3335,4.3  20.3502,4.32 20.3671,4.31
20.3838,4.46 20.4002,4.31 20.4171,4.28 20.4338,4.33 20.4502,4.5  20.4671,4.27
20.4838,4.33 20.5005,4.36 20.5171,4.4  20.5338,4.38 20.5505,4.38 20.5671,4.45
20.5838,4.41 20.6005,4.44 20.6171,4.36 20.6338,4.25 20.6505,4.36 20.6671,4.34
20.6838,4.47 20.7005,4.32 20.7171,4.38 20.7338,4.32 20.7505,4.44 20.7671,4.37
20.7838,4.32 20.8005,4.33 20.8171,4.28 20.8338,4.38 20.8505,4.34 20.8671,4.48
20.8838,4.41 20.9005,4.35 20.9171,4.37 20.9338,4.37 20.9505,4.31 20.9671,4.58
20.9838,4.3  21.0005,4.24 21.0171,4.29 21.0338,4.28 21.0505,4.53 21.0671,4.26
21.0838,4.59 21.1005,4.76 21.1171,5.52 21.1338,4.17 21.1505,1.82 21.1671,2.5
21.1838,2.69 21.2005,0.69 21.2171,0.57 21.2338,0.62 21.2505,6.02 21.2671,4.96
21.2838,4.42 21.3005,4.21 21.3171,3.91 21.3338,3.85 21.3505,3.67 21.3671,3.59
21.3838,3.62 21.4005,3.56 21.4171,3.53 21.4338,3.3  21.4505,3.43 21.4671,3.4
21.4838,3.39 21.5005,3.23 21.5171,3.21 21.5338,3.15 21.5505,3.17 21.5671,3.17
21.5838,3.04 21.6005,3.19 21.6171,3.2  21.6338,3.18 21.6505,2.99 21.6671,3.02
21.6838,3.03 21.7005,3.02 21.7171,2.94 21.7338,2.85 21.7505,2.81 21.7671,2.91
21.7838,2.87 21.8005,2.86 21.8171,2.83 21.8338,2.77 21.8505,2.74 21.8671,2.83
21.8838,2.71 21.9005,2.74 21.9171,2.65 21.9338,2.65 21.9505,2.71 21.9671,2.76
21.9838,2.62 22.0005,2.68 22.0171,2.68 22.0338,2.61 22.0505,2.55 22.0671,2.55
22.0838,2.63 22.1005,2.57 22.1171,2.74 22.1338,2.59 22.1505,2.54 22.1671,2.48
